KK_2012_down 0.0105655 0.00961073 -0.000954734 0.000281684
KK_2012_up 0.0105806 0.00944494 -0.00113562 0.000278214
KK_2015_down 0.0123966 0.00999267 -0.00240394 0.000155869
KK_2015_up 0.0119678 0.00979503 -0.0021728 0.000149496
KK_2016_down 0.0126075 0.0111082 -0.00149933 0.000157785
KK_2016_up 0.0123206 0.0106684 -0.00165224 0.000155946
Kpi_2011_down 0.0123552 0.0109278 -0.00142745 0.000218048
Kpi_2011_up 0.0123999 0.0111821 -0.00121781 0.000220791
Kpi_2012_down 0.01148 0.0102632 -0.00121678 0.000209509
Kpi_2012_up 0.0113437 0.0102519 -0.00109179 0.000205722
Kpi_2015_down 0.0144427 0.0120266 -0.00241613 0.000168194
Kpi_2015_up 0.0144296 0.0120645 -0.0023651 0.000167239
Kpi_2016_down 0.0146775 0.0131062 -0.00157139 0.000169504
Kpi_2016_up 0.0146793 0.0131647 -0.00151465 0.000169421
Kpipipi_2012_down 0.00357869 0.00333161 -0.000247087 5.95878e-05
Kpipipi_2012_up 0.00345661 0.00323238 -0.000224232 5.83096e-05
Kpipipi_2016_down 0.00489775 0.00465036 -0.000247395 6.96402e-05
Kpipipi_2016_up 0.00492599 0.00459696 -0.000329033 6.97087e-05
pipi_2012_down 0.0109797 0.00997065 -0.00100903 0.000284409
pipi_2012_up 0.0112556 0.0100459 -0.00120972 0.000289269
pipi_2015_down 0.0129702 0.0109057 -0.00206454 0.000152115
pipi_2015_up 0.0134351 0.0112603 -0.00217482 0.000162787
pipi_2016_down 0.0137522 0.0123426 -0.00140956 0.000161605
pipi_2016_up 0.0137697 0.0125466 -0.00122311 0.000163151
pipipipi_2016_down 0.0053423 0.00509329 -0.000249008 7.26464e-05
pipipipi_2016_up 0.00521089 0.00495774 -0.000253151 7.19698e-05
