0.00 2.00 2.10 2.70 0.0722 0.0770 0.0010
0.00 2.00 2.70 2.85 -0.1108 0.0815 0.0020
0.00 2.00 2.85 3.00 -0.0300 0.0733 0.0024
0.00 2.00 3.00 3.15 -0.0849 0.0624 0.0038
0.00 2.00 3.15 3.30 -0.0662 0.0638 0.0035
0.00 2.00 3.30 3.70 0.0116 0.0397 0.0011
0.00 2.00 3.70 4.50 0.0702 0.0462 0.0013
2.00 4.50 2.10 2.70 0.0691 0.0392 0.0017
2.00 4.50 2.70 2.85 0.0136 0.0409 0.0013
2.00 4.50 2.85 3.00 -0.0284 0.0375 0.0010
2.00 4.50 3.00 3.15 -0.0273 0.0360 0.0009
2.00 4.50 3.15 3.30 0.0137 0.0351 0.0015
2.00 4.50 3.30 3.70 -0.0273 0.0230 0.0028
2.00 4.50 3.70 4.50 -0.0269 0.0279 0.0013
4.50 7.00 2.10 2.70 0.0597 0.0329 0.0039
4.50 7.00 2.70 2.85 -0.0177 0.0404 0.0010
4.50 7.00 2.85 3.00 -0.0103 0.0362 0.0019
4.50 7.00 3.00 3.15 -0.0696 0.0372 0.0016
4.50 7.00 3.15 3.30 -0.0444 0.0359 0.0015
4.50 7.00 3.30 3.70 -0.0214 0.0234 0.0010
4.50 7.00 3.70 4.50 0.0192 0.0316 0.0013
7.00 8.25 2.10 2.70 -0.0239 0.0441 0.0025
7.00 8.25 2.70 2.85 -0.2197 0.0602 0.0017
7.00 8.25 2.85 3.00 -0.0619 0.0595 0.0031
7.00 8.25 3.00 3.15 -0.0151 0.0590 0.0047
7.00 8.25 3.15 3.30 -0.0037 0.0566 0.0039
7.00 8.25 3.30 3.70 -0.0305 0.0406 0.0018
7.00 8.25 3.70 4.50 -0.0348 0.0516 0.0018
8.25 9.50 2.10 2.70 -0.0442 0.0477 0.0087
8.25 9.50 2.70 2.85 -0.0506 0.0652 0.0028
8.25 9.50 2.85 3.00 -0.0611 0.0674 0.0043
8.25 9.50 3.00 3.15 -0.0015 0.0695 0.0024
8.25 9.50 3.15 3.30 0.0219 0.0731 0.0014
8.25 9.50 3.30 3.70 -0.0621 0.0478 0.0032
8.25 9.50 3.70 4.50 -0.0856 0.0637 0.0025
9.50 10.75 2.10 2.70 0.0408 0.0525 0.0089
9.50 10.75 2.70 2.85 0.0228 0.0759 0.0036
9.50 10.75 2.85 3.00 0.0102 0.0904 0.0017
9.50 10.75 3.00 3.15 -0.0586 0.0847 0.0023
9.50 10.75 3.15 3.30 -0.0577 0.0775 0.0012
9.50 10.75 3.30 3.70 0.0624 0.0577 0.0016
9.50 10.75 3.70 4.50 -0.0328 0.0946 0.0021
10.75 12.00 2.10 2.70 0.0154 0.0636 0.0023
10.75 12.00 2.70 2.85 -0.0104 0.1017 0.0044
10.75 12.00 2.85 3.00 0.0179 0.0849 0.0040
10.75 12.00 3.00 3.15 0.1481 0.0890 0.0024
10.75 12.00 3.15 3.30 0.0478 0.0835 0.0025
10.75 12.00 3.30 3.70 0.0377 0.0731 0.0037
10.75 12.00 3.70 4.50 0.1058 0.1181 0.0018
12.00 15.00 2.10 2.70 -0.0071 0.0446 0.0039
12.00 15.00 2.70 2.85 0.0264 0.0924 0.0042
12.00 15.00 2.85 3.00 0.0230 0.0775 0.0046
12.00 15.00 3.00 3.15 -0.1190 0.0791 0.0040
12.00 15.00 3.15 3.30 0.1330 0.0909 0.0029
12.00 15.00 3.30 3.70 0.0469 0.0588 0.0021
12.00 15.00 3.70 4.50 -0.1026 0.0854 0.0031
15.00 30.00 2.10 2.70 0.0703 0.0456 0.0014
15.00 30.00 2.70 2.85 -0.0009 0.0748 0.0034
15.00 30.00 2.85 3.00 -0.0550 0.0755 0.0049
15.00 30.00 3.00 3.15 -0.1637 0.0925 0.0026
15.00 30.00 3.15 3.30 0.0456 0.1119 0.0018
15.00 30.00 3.30 3.70 -0.0193 0.0777 0.0027
15.00 30.00 3.70 4.50 0.1690 0.1332 0.0030
