0.00 2.00 2.10 2.70 0.0068 0.0537 0.0009
0.00 2.00 2.70 2.85 -0.0735 0.0719 0.0017
0.00 2.00 2.85 3.00 0.0503 0.0628 0.0011
0.00 2.00 3.00 3.15 0.0086 0.0549 0.0034
0.00 2.00 3.15 3.30 0.0817 0.0617 0.0016
0.00 2.00 3.30 3.70 0.0668 0.0367 0.0009
0.00 2.00 3.70 4.50 -0.0419 0.0453 0.0010
2.00 4.50 2.10 2.70 -0.0192 0.0234 0.0013
2.00 4.50 2.70 2.85 -0.0070 0.0291 0.0009
2.00 4.50 2.85 3.00 -0.0088 0.0278 0.0009
2.00 4.50 3.00 3.15 -0.0213 0.0271 0.0009
2.00 4.50 3.15 3.30 -0.0635 0.0260 0.0012
2.00 4.50 3.30 3.70 -0.0169 0.0174 0.0009
2.00 4.50 3.70 4.50 -0.0131 0.0203 0.0009
4.50 7.00 2.10 2.70 -0.0074 0.0192 0.0028
4.50 7.00 2.70 2.85 -0.0440 0.0264 0.0027
4.50 7.00 2.85 3.00 0.0315 0.0235 0.0028
4.50 7.00 3.00 3.15 -0.0203 0.0233 0.0020
4.50 7.00 3.15 3.30 -0.0248 0.0234 0.0010
4.50 7.00 3.30 3.70 -0.0254 0.0159 0.0010
4.50 7.00 3.70 4.50 -0.0015 0.0213 0.0010
7.00 8.25 2.10 2.70 0.0080 0.0276 0.0028
7.00 8.25 2.70 2.85 -0.0383 0.0390 0.0014
7.00 8.25 2.85 3.00 -0.0543 0.0382 0.0025
7.00 8.25 3.00 3.15 -0.0575 0.0377 0.0012
7.00 8.25 3.15 3.30 -0.0120 0.0379 0.0013
7.00 8.25 3.30 3.70 -0.0089 0.0268 0.0044
7.00 8.25 3.70 4.50 -0.0486 0.0364 0.0022
8.25 9.50 2.10 2.70 -0.0215 0.0286 0.0017
8.25 9.50 2.70 2.85 0.0710 0.0415 0.0013
8.25 9.50 2.85 3.00 0.0123 0.0395 0.0010
8.25 9.50 3.00 3.15 0.0747 0.0411 0.0023
8.25 9.50 3.15 3.30 -0.0533 0.0459 0.0025
8.25 9.50 3.30 3.70 0.0152 0.0299 0.0009
8.25 9.50 3.70 4.50 -0.0063 0.0448 0.0034
9.50 10.75 2.10 2.70 0.0022 0.0324 0.0022
9.50 10.75 2.70 2.85 0.0429 0.0491 0.0050
9.50 10.75 2.85 3.00 0.0513 0.0509 0.0021
9.50 10.75 3.00 3.15 -0.0898 0.0499 0.0059
9.50 10.75 3.15 3.30 -0.0220 0.0494 0.0034
9.50 10.75 3.30 3.70 -0.0204 0.0353 0.0013
9.50 10.75 3.70 4.50 -0.0849 0.0509 0.0026
10.75 12.00 2.10 2.70 0.0034 0.0355 0.0056
10.75 12.00 2.70 2.85 -0.0193 0.0593 0.0026
10.75 12.00 2.85 3.00 0.0198 0.0628 0.0066
10.75 12.00 3.00 3.15 -0.0056 0.0565 0.0012
10.75 12.00 3.15 3.30 -0.0638 0.0582 0.0040
10.75 12.00 3.30 3.70 0.0205 0.0454 0.0083
10.75 12.00 3.70 4.50 0.0139 0.0709 0.0009
12.00 15.00 2.10 2.70 -0.0364 0.0278 0.0010
12.00 15.00 2.70 2.85 -0.0007 0.0525 0.0026
12.00 15.00 2.85 3.00 0.0255 0.0467 0.0010
12.00 15.00 3.00 3.15 0.0080 0.0521 0.0017
12.00 15.00 3.15 3.30 -0.0019 0.0491 0.0021
12.00 15.00 3.30 3.70 -0.0526 0.0373 0.0045
12.00 15.00 3.70 4.50 -0.0494 0.0605 0.0027
15.00 30.00 2.10 2.70 0.0217 0.0267 0.0012
15.00 30.00 2.70 2.85 -0.0204 0.0491 0.0038
15.00 30.00 2.85 3.00 0.0878 0.0520 0.0020
15.00 30.00 3.00 3.15 0.0120 0.0534 0.0016
15.00 30.00 3.15 3.30 0.0153 0.0626 0.0025
15.00 30.00 3.30 3.70 -0.0647 0.0434 0.0013
15.00 30.00 3.70 4.50 0.0394 0.0777 0.0042
