2.00 7.00 2.10 3.00 0.0166 0.0632 0.0125
2.00 7.00 3.00 3.30 0.0311 0.0773 0.0151
2.00 7.00 3.30 4.50 -0.0833 0.0558 0.0132
7.00 9.50 2.10 3.00 0.0364 0.0479 0.0068
7.00 9.50 3.00 3.30 0.0206 0.0682 0.0127
7.00 9.50 3.30 4.50 0.0058 0.0584 0.0089
9.50 12.00 2.10 3.00 -0.0039 0.0456 0.0121
9.50 12.00 3.00 3.30 0.1095 0.0723 0.0179
9.50 12.00 3.30 4.50 0.1539 0.0722 0.0212
12.00 30.00 2.10 3.00 -0.0271 0.0336 0.0061
12.00 30.00 3.00 3.30 -0.0542 0.0612 0.0106
12.00 30.00 3.30 4.50 -0.0586 0.0648 0.0150
