2.00 7.00 2.10 3.00 0.0412 0.0416 0.0150
2.00 7.00 3.00 3.30 -0.0241 0.0574 0.0079
2.00 7.00 3.30 4.50 0.0166 0.0391 0.0092
7.00 9.50 2.10 3.00 0.0482 0.0320 0.0067
7.00 9.50 3.00 3.30 0.0983 0.0470 0.0155
7.00 9.50 3.30 4.50 -0.0430 0.0386 0.0079
9.50 12.00 2.10 3.00 0.0067 0.0303 0.0063
9.50 12.00 3.00 3.30 -0.1283 0.0503 0.0171
9.50 12.00 3.30 4.50 -0.0500 0.0460 0.0104
12.00 30.00 2.10 3.00 -0.0012 0.0222 0.0050
12.00 30.00 3.00 3.30 0.0421 0.0416 0.0162
12.00 30.00 3.30 4.50 0.0537 0.0447 0.0124
