 A_signal_KK_run2 A_signal_pipi_run2 R_signal_KK_run2 R_signal_pipi_run2 A_signal_pipipipi_run2 R_signal_pipipipi_run2 R_signal_piK_run2_plus R_signal_piK_run2_minus R_signal_piKpipi_run2_plus R_signal_piKpipi_run2_minus A_signal_Kpi_run2 A_signal_Kpipipi_run2
A_signal_KK_run1 -5.4413e-05 0.000299071 0.00225722 0.00120902 8.05782e-05 0.00238419 0.000325902 0.000338784 0.000156596 0.000133423 -2.87719e-05 -4.6777e-05
A_signal_pipi_run1 3.88907e-05 -0.000142144 -0.000840734 -0.000611776 -0.000121827 -0.00112498 -0.000296257 -0.000290382 -0.000305664 1.17663e-05 0.000145484 -7.97494e-05
R_signal_KK_run1 -0.000529306 0.0021316 0.0240429 0.0140586 0.000146797 0.0198692 0.00113064 0.00135094 0.00248294 0.00281062 -0.00092638 -0.000499552
R_signal_pipi_run1 -0.000272166 0.00169817 0.0145739 0.0103522 0.000215808 0.0159087 0.000655462 0.000749197 0.00195158 0.00187875 -0.000746539 -0.000275807
R_signal_piK_run1_plus -3.36611e-05 0.000175423 0.00358825 0.00239311 -8.62528e-05 0.00183697 0.0279826 0.0152114 0.00346783 0.00360186 -0.000367119 -0.000222685
R_signal_piK_run1_minus -4.82378e-05 0.000555256 0.0082643 0.00559759 -0.000226882 0.00484954 0.0140169 0.027039 0.00388916 0.00420182 -0.00085091 -0.000128617
R_signal_piKpipi_run1_plus -3.99499e-05 0.000145793 0.00521846 0.00360365 2.6692e-05 0.00413567 0.00496983 0.00530597 0.0309695 0.0171782 -0.000771198 0.000498862
R_signal_piKpipi_run1_minus 7.46196e-05 0.000758129 0.00532066 0.00427107 -0.0010164 0.00558931 0.00546704 0.00665565 0.0185387 0.0319996 -0.000926788 0.00111484
A_signal_Kpi_run1 2.2235e-05 0.000136139 -0.000602272 -0.000334954 -0.000103431 -3.96691e-05 0.000396374 0.00054099 -0.000133292 -7.37082e-05 0.000278263 0.000196829
A_signal_Kpipipi_run1 -1.00896e-05 -6.16433e-05 -0.000767826 -0.000624792 8.74623e-05 -0.000884795 -0.000493727 -0.000630302 -0.000274199 -0.000429202 0.000115672 0.000539805