 A_signal_KK_run1 A_signal_pipi_run1 R_signal_KK_run1 R_signal_pipi_run1 R_signal_piK_run1_plus R_signal_piK_run1_minus R_signal_piKpipi_run1_plus R_signal_piKpipi_run1_minus A_signal_Kpi_run1 A_signal_Kpipipi_run1 A_signal_KK_run2 A_signal_pipi_run2 R_signal_KK_run2 R_signal_pipi_run2 A_signal_pipipipi_run2 R_signal_pipipipi_run2 R_signal_piK_run2_plus R_signal_piK_run2_minus R_signal_piKpipi_run2_plus R_signal_piKpipi_run2_minus A_signal_Kpi_run2 A_signal_Kpipipi_run2
A_signal_KK_run1 1 0.785185 0.402541 -0.780213 0.519622 -0.800075 -0.824587 -0.811749 -0.737681 -0.733094 -0.805388 0.787866 0.493635 -0.762763 0.194121 -0.241807 -0.6736 -0.773405 0.742942 0.680961 -0.566591 -0.49862
A_signal_pipi_run1 0.785185 1 0.375574 -0.710479 0.438281 -0.747093 -0.789256 -0.762635 -0.678394 -0.670412 -0.751378 0.758813 0.432693 -0.686801 0.225486 -0.232517 -0.695486 -0.752356 0.755691 0.686969 -0.497241 -0.412209
R_signal_KK_run1 0.402541 0.375574 1 -0.380482 0.272304 -0.431564 -0.430424 -0.418358 -0.415358 -0.464523 -0.536352 0.369118 0.316841 -0.409864 0.135005 -0.0945148 -0.283871 -0.368661 0.437581 0.392819 -0.293977 -0.263948
R_signal_pipi_run1 -0.780213 -0.710479 -0.380482 1 -0.530728 0.832019 0.843832 0.824888 0.77075 0.777275 0.833311 -0.786685 -0.567355 0.808393 -0.193642 0.235366 0.624057 0.779194 -0.719437 -0.674892 0.622517 0.547235
R_signal_piK_run1_plus 0.519622 0.438281 0.272304 -0.530728 1 -0.597971 -0.584471 -0.574533 -0.557735 -0.609713 -0.682649 0.522766 0.458606 -0.550746 0.150365 -0.175617 -0.405248 -0.509315 0.568392 0.499609 -0.418251 -0.393322
R_signal_piK_run1_minus -0.800075 -0.747093 -0.431564 0.832019 -0.597971 1 0.876164 0.875575 0.795375 0.798807 0.868803 -0.82421 -0.612553 0.834015 -0.204348 0.266326 0.68176 0.818612 -0.749214 -0.674433 0.671789 0.606665
R_signal_piKpipi_run1_plus -0.824587 -0.789256 -0.430424 0.843832 -0.584471 0.876164 1 0.872146 0.800442 0.803436 0.853715 -0.829966 -0.571901 0.832582 -0.192778 0.26431 0.694181 0.825906 -0.767642 -0.690783 0.651468 0.559418
R_signal_piKpipi_run1_minus -0.811749 -0.762635 -0.418358 0.824888 -0.574533 0.875575 0.872146 1 0.796829 0.778289 0.843411 -0.820154 -0.573782 0.820038 -0.191476 0.229036 0.695538 0.828312 -0.734647 -0.690128 0.630257 0.563401
A_signal_Kpi_run1 -0.737681 -0.678394 -0.415358 0.77075 -0.557735 0.795375 0.800442 0.796829 1 0.819042 0.828818 -0.758765 -0.620464 0.769403 -0.18294 0.241372 0.593103 0.732689 -0.713169 -0.654285 0.633758 0.577876
A_signal_Kpipipi_run1 -0.733094 -0.670412 -0.464523 0.777275 -0.609713 0.798807 0.803436 0.778289 0.819042 1 0.830736 -0.769818 -0.660206 0.761588 -0.190009 0.270309 0.623052 0.749106 -0.717418 -0.65908 0.668111 0.613542
A_signal_KK_run2 -0.805388 -0.751378 -0.536352 0.833311 -0.682649 0.868803 0.853715 0.843411 0.828818 0.830736 1 -0.815159 -0.722715 0.836047 0.0257329 0.279684 0.705981 0.797094 -0.757039 -0.751471 0.818999 0.780743
A_signal_pipi_run2 0.787866 0.758813 0.369118 -0.786685 0.522766 -0.82421 -0.829966 -0.820154 -0.758765 -0.769818 -0.815159 1 0.537106 -0.790707 0.235707 -0.234774 -0.675845 -0.775056 0.728947 0.679371 -0.599038 -0.475976
R_signal_KK_run2 0.493635 0.432693 0.316841 -0.567355 0.458606 -0.612553 -0.571901 -0.573782 -0.620464 -0.660206 -0.722715 0.537106 1 -0.557769 0.0773079 -0.167343 -0.369132 -0.505896 0.551796 0.511147 -0.532466 -0.524305
R_signal_pipi_run2 -0.762763 -0.686801 -0.409864 0.808393 -0.550746 0.834015 0.832582 0.820038 0.769403 0.761588 0.836047 -0.790707 -0.557769 1 -0.224273 0.246873 0.636395 0.778852 -0.733641 -0.659925 0.623507 0.528009
A_signal_pipipipi_run2 0.194121 0.225486 0.135005 -0.193642 0.150365 -0.204348 -0.192778 -0.191476 -0.18294 -0.190009 0.0257329 0.235707 0.0773079 -0.224273 1 -0.127059 -0.148481 -0.226872 0.245964 0.113967 0.127455 0.197196
R_signal_pipipipi_run2 -0.241807 -0.232517 -0.0945148 0.235366 -0.175617 0.266326 0.26431 0.229036 0.241372 0.270309 0.279684 -0.234774 -0.167343 0.246873 -0.127059 1 0.165217 0.252037 -0.270527 -0.171591 0.148722 0.127939
R_signal_piK_run2_plus -0.6736 -0.695486 -0.283871 0.624057 -0.405248 0.68176 0.694181 0.695538 0.593103 0.623052 0.705981 -0.675845 -0.369132 0.636395 -0.148481 0.165217 1 0.676077 -0.576684 -0.587481 0.447494 0.389939
R_signal_piK_run2_minus -0.773405 -0.752356 -0.368661 0.779194 -0.509315 0.818612 0.825906 0.828312 0.732689 0.749106 0.797094 -0.775056 -0.505896 0.778852 -0.226872 0.252037 0.676077 1 -0.70519 -0.650551 0.547613 0.48412
R_signal_piKpipi_run2_plus 0.742942 0.755691 0.437581 -0.719437 0.568392 -0.749214 -0.767642 -0.734647 -0.713169 -0.717418 -0.757039 0.728947 0.551796 -0.733641 0.245964 -0.270527 -0.576684 -0.70519 1 0.699412 -0.52687 -0.47656
R_signal_piKpipi_run2_minus 0.680961 0.686969 0.392819 -0.674892 0.499609 -0.674433 -0.690783 -0.690128 -0.654285 -0.65908 -0.751471 0.679371 0.511147 -0.659925 0.113967 -0.171591 -0.587481 -0.650551 0.699412 1 -0.529098 -0.486299
A_signal_Kpi_run2 -0.566591 -0.497241 -0.293977 0.622517 -0.418251 0.671789 0.651468 0.630257 0.633758 0.668111 0.818999 -0.599038 -0.532466 0.623507 0.127455 0.148722 0.447494 0.547613 -0.52687 -0.529098 1 0.630493
A_signal_Kpipipi_run2 -0.49862 -0.412209 -0.263948 0.547235 -0.393322 0.606665 0.559418 0.563401 0.577876 0.613542 0.780743 -0.475976 -0.524305 0.528009 0.197196 0.127939 0.389939 0.48412 -0.47656 -0.486299 0.630493 1